



0 0 9 0 177 179 15 277 186 111 583 847 924 449 949 1532 1323 1440 1686 1693 1177 1569 1296 1529 2370 3330 3071 2202 1701 2705 2203 2043 2128 2357 2004 1418 1173 1174 1859 2182 1875 1087 665 755 427 376 6 0 144 0 20 11 131 78 0 0 0 0 0 0 0 0 0 0 0 0 0 0 0 0 0 0 0 0 0 0 0 0 0 0 0 0 0 0 

0 0 29 0 187 186 15 274 188 110 561 875 929 493 955 1531 1346 1450 1672 1697 1177 1563 1281 1531 2331 3341 3078 2213 1707 2669 2212 2041 2144 2382 1998 1413 1177 1198 1841 2184 1841 1096 656 745 433 369 14 0 143 0 27 8 143 71 0 0 0 0 0 0 0 0 0 0 0 0 0 0 0 0 0 0 0 0 0 0 0 0 0 0 0 0 0 0 



0 0 51 0 180 163 39 280 185 116 552 862 932 478 935 1514 1337 1460 1643 1698 1229 1591 1334 1505 2373 3328 3090 2197 1693 2687 2176 2021 2140 2389 1993 1392 1177 1219 1851 2211 1850 1102 651 755 402 376 35 0 139 0 28 11 118 79 0 0 0 0 0 0 0 0 0 0 0 0 0 0 0 0 0 0 0 0 0 0 0 0 0 0 0 0 0 0 

0 0 28 0 171 151 37 263 188 117 557 876 910 482 951 1508 1342 1457 1680 1690 1231 1573 1325 1507 2354 3342 3042 2208 1688 2664 2216 2045 2147 2372 2003 1410 1183 1193 1839 2178 1853 1084 656 779 415 352 20 4 99 0 35 0 119 65 0 0 0 0 0 0 0 0 0 0 0 0 0 0 0 0 0 0 0 0 0 0 0 0 0 0 0 0 0 0 

0 0 13 7 160 156 34 238 200 108 573 851 904 494 945 1482 1313 1469 1689 1679 1243 1570 1310 1517 2360 3349 3065 2190 1674 2703 2208 2034 2162 2378 1989 1389 1177 1205 1843 2171 1865 1115 663 780 398 340 23 0 128 0 21 10 134 55 0 0 0 0 0 0 0 0 0 0 0 0 0 0 0 0 0 0 0 0 0 0 0 0 0 0 0 0 0 0 


0 0 57 0 155 145 18 253 200 108 555 857 924 485 908 1493 1307 1480 1676 1686 1218 1588 1302 1515 2356 3354 3038 2183 1694 2683 2218 2043 2127 2415 2010 1395 1156 1231 1832 2186 1834 1115 661 751 381 353 12 6 145 0 40 20 140 60 0 0 0 0 0 0 0 0 0 0 0 0 0 0 0 0 0 0 0 0 0 0 0 0 0 0 0 0 0 0 

0 0 33 0 168 163 47 273 208 106 546 862 902 492 923 1473 1295 1481 1693 1689 1194 1613 1311 1484 2336 3332 3051 2221 1700 2663 2207 2037 2159 2409 1989 1417 1183 1232 1853 2184 1852 1097 681 759 389 381 31 5 131 0 40 12 161 44 0 0 0 0 0 0 0 0 0 0 0 0 0 0 0 0 0 0 0 0 0 0 0 0 0 0 0 0 0 0 



0 0 37 0 194 148 41 239 188 120 552 881 891 484 927 1521 1319 1450 1706 1682 1219 1599 1301 1561 2323 3339 3049 2225 1689 2666 2199 2033 2137 2393 1986 1393 1157 1212 1871 2156 1866 1105 677 743 404 365 41 13 131 0 44 16 150 61 0 0 0 0 0 0 0 0 0 0 0 0 0 0 0 0 0 0 0 0 0 0 0 0 0 0 0 0 0 0 

0 0 40 0 185 181 18 276 207 114 557 858 923 505 951 1493 1311 1437 1713 1665 1211 1601 1330 1535 2291 3344 3061 2209 1695 2656 2213 2057 2142 2384 2005 1378 1163 1243 1862 2186 1857 1113 684 798 413 341 24 0 128 0 40 26 154 56 0 0 2 0 0 0 0 0 0 0 0 0 0 0 0 0 0 0 0 0 0 0 0 0 0 0 0 0 0 0 

0 0 41 0 177 151 13 257 201 122 539 874 877 494 952 1529 1326 1450 1698 1663 1205 1576 1334 1527 2303 3354 3047 2217 1705 2674 2193 2053 2115 2374 1992 1385 1156 1217 1832 2181 1863 1101 660 766 393 359 16 11 113 0 28 25 155 54 0 0 0 0 0 0 0 0 0 0 0 0 0 0 0 0 0 0 0 0 0 0 0 0 0 0 0 0 0 0 


0 0 52 3 177 146 14 254 192 113 548 858 903 486 898 1517 1353 1478 1704 1685 1205 1630 1329 1535 2369 3324 3076 2218 1692 2675 2181 2060 2160 2381 1986 1408 1158 1202 1855 2179 1853 1110 676 759 422 369 26 0 148 0 23 21 150 49 0 0 0 0 0 0 0 0 0 0 0 0 0 0 0 0 0 0 0 0 0 0 0 0 0 0 0 0 0 0 

0 0 33 25 188 151 0 232 186 115 551 844 901 483 923 1481 1354 1444 1713 1702 1187 1604 1327 1510 2340 3306 3067 2211 1705 2659 2186 2038 2149 2389 2028 1416 1166 1218 1848 2187 1868 1095 664 780 387 354 33 1 134 0 11 14 137 59 0 0 0 0 0 0 0 0 0 0 0 0 0 0 0 0 0 0 0 0 0 0 0 0 0 0 0 0 0 0 



0 0 21 1 162 151 18 257 211 95 558 872 929 506 940 1524 1361 1445 1653 1669 1232 1625 1334 1535 2345 3331 3047 2166 1713 2645 2213 2011 2115 2411 1995 1381 1123 1219 1857 2167 1875 1104 673 757 401 351 19 0 139 0 9 16 161 55 0 0 0 0 0 0 0 0 0 0 0 0 0 0 0 0 0 0 0 0 0 0 0 0 0 0 0 0 0 0 

0 0 63 6 182 164 24 267 223 109 549 859 925 473 951 1474 1323 1457 1686 1689 1180 1620 1316 1562 2351 3333 3063 2213 1714 2651 2198 2019 2161 2436 1978 1389 1165 1202 1831 2164 1871 1096 665 755 412 359 27 0 141 6 43 18 138 49 0 0 0 0 0 0 0 0 0 0 0 0 0 0 0 0 0 0 0 0 0 0 0 0 0 0 0 0 0 0 


0 0 52 7 163 146 21 257 203 115 532 868 927 491 915 1493 1337 1445 1688 1651 1200 1611 1339 1544 2381 3332 3075 2209 1712 2671 2220 2019 2126 2400 1988 1397 1144 1203 1821 2185 1865 1102 651 740 414 344 14 0 135 0 26 19 146 47 0 0 0 0 0 0 0 0 0 0 0 0 0 0 0 0 0 0 0 0 0 0 0 0 0 0 0 0 0 0 

0 0 28 5 177 178 27 291 188 115 538 862 912 485 939 1497 1349 1469 1662 1689 1220 1616 1317 1490 2375 3328 3070 2194 1706 2640 2186 2054 2156 2393 1998 1405 1158 1213 1842 2205 1870 1106 668 792 416 359 9 0 122 3 23 11 147 47 0 0 0 0 0 0 0 0 0 0 0 0 0 0 0 0 0 0 0 0 0 0 0 0 0 0 0 0 0 0 

0 0 47 4 178 151 21 299 184 112 584 851 898 481 958 1495 1357 1480 1686 1677 1229 1624 1321 1527 2371 3319 3057 2178 1704 2648 2192 2052 2128 2421 1999 1397 1146 1240 1853 2200 1855 1101 669 764 406 343 36 0 127 0 27 13 146 44 0 0 2 0 0 0 0 0 0 0 0 0 0 0 0 0 0 0 0 0 0 0 0 0 0 0 0 0 0 0 




0 0 75 9 162 149 34 253 180 111 559 918 922 489 945 1493 1352 1481 1660 1682 1225 1604 1332 1537 2370 3351 3061 2197 1703 2642 2218 2027 2121 2377 1992 1369 1121 1217 1853 2185 1872 1113 669 774 430 352 8 4 103 0 23 18 149 59 0 0 0 0 0 0 0 0 0 0 0 0 0 0 0 0 0 0 0 0 0 0 0 0 0 0 0 0 0 0 

0 0 32 23 177 154 26 280 185 104 562 890 921 488 948 1512 1332 1463 1620 1707 1228 1603 1347 1548 2376 3341 3084 2219 1714 2687 2214 2029 2118 2394 1990 1377 1169 1211 1836 2159 1850 1126 660 749 435 348 39 0 127 0 22 4 141 41 0 0 0 0 0 0 0 0 0 0 0 0 0 0 0 0 0 0 0 0 0 0 0 0 0 0 0 0 0 0 


0 0 30 9 172 185 18 247 216 99 535 899 928 499 928 1489 1321 1436 1653 1693 1251 1614 1315 1542 2351 3332 3066 2209 1709 2682 2215 2053 2127 2378 1964 1416 1150 1214 1827 2168 1855 1119 655 764 402 350 30 0 105 6 20 13 125 56 0 0 0 0 0 0 0 0 0 0 0 0 0 0 0 0 0 0 0 0 0 0 0 0 0 0 0 0 0 0 


0 0 16 17 189 151 24 228 214 119 545 876 924 479 973 1494 1309 1440 1653 1650 1250 1563 1340 1553 2352 3331 3060 2231 1718 2693 2224 2053 2127 2363 1986 1391 1117 1277 1837 2204 1846 1105 660 773 439 337 4 0 143 0 18 13 141 64 0 0 0 0 0 0 0 0 0 0 0 0 0 0 0 0 0 0 0 0 0 0 0 0 0 0 0 0 0 0 


0 0 27 9 179 156 40 252 218 84 567 879 929 497 956 1506 1352 1444 1689 1691 1230 1607 1349 1514 2356 3334 3055 2187 1714 2671 2219 2026 2158 2389 1986 1419 1134 1250 1855 2216 1888 1127 672 769 425 353 14 12 129 0 40 5 152 46 0 0 0 0 0 0 0 0 0 0 0 0 0 0 0 0 0 0 0 0 0 0 0 0 0 0 0 0 0 0 

0 0 37 0 174 137 25 280 215 92 545 874 927 488 961 1484 1320 1459 1623 1682 1225 1600 1349 1537 2373 3346 3042 2186 1693 2645 2205 2029 2154 2373 1992 1381 1175 1233 1864 2182 1852 1117 655 744 417 356 13 8 109 0 34 12 168 48 0 0 0 0 0 0 0 0 0 0 0 0 0 0 0 0 0 0 0 0 0 0 0 0 0 0 0 0 0 0 

0 0 26 5 180 151 29 261 200 105 543 874 929 453 981 1480 1337 1487 1695 1679 1233 1613 1323 1537 2389 3349 3079 2177 1717 2691 2213 2046 2164 2355 1981 1386 1167 1244 1857 2187 1854 1109 639 755 403 348 21 1 116 0 44 8 163 53 0 0 0 0 0 0 0 0 0 0 0 0 0 0 0 0 0 0 0 0 0 0 0 0 0 0 0 0 0 0 


0 0 32 0 181 162 22 276 186 92 581 887 941 478 964 1512 1327 1478 1680 1694 1220 1565 1327 1499 2376 3352 3079 2202 1720 2647 2229 2028 2155 2355 1993 1390 1153 1209 1854 2179 1839 1119 653 760 428 362 14 0 131 0 24 12 148 64 0 0 0 0 0 0 0 0 0 0 0 0 0 0 0 0 0 0 0 0 0 0 0 0 0 0 0 0 0 0 



0 0 35 4 149 177 28 305 223 94 572 858 909 492 941 1516 1343 1444 1637 1668 1215 1593 1363 1542 2384 3367 3081 2199 1669 2684 2229 2044 2153 2379 2002 1385 1150 1254 1880 2200 1897 1132 665 751 410 370 39 2 107 0 39 8 160 56 0 0 0 0 0 0 0 0 0 0 0 0 0 0 0 0 0 0 0 0 0 0 0 0 0 0 0 0 0 0 


0 0 28 0 149 188 32 287 201 109 593 895 928 468 964 1539 1327 1451 1672 1663 1194 1592 1344 1534 2381 3352 3089 2215 1691 2658 2217 2022 2178 2346 1993 1393 1166 1237 1885 2205 1864 1136 661 758 419 378 20 0 108 0 36 19 175 55 0 0 0 0 0 0 0 0 0 0 0 0 0 0 0 0 0 0 0 0 0 0 0 0 0 0 0 0 0 0 

0 0 12 7 139 202 10 276 219 89 548 864 922 451 969 1541 1338 1461 1664 1662 1196 1625 1335 1526 2357 3351 3064 2176 1684 2671 2215 2039 2140 2372 1989 1406 1153 1233 1879 2209 1877 1120 618 750 423 359 21 0 104 0 30 4 164 58 0 0 0 0 0 0 0 0 0 0 0 0 0 0 0 0 0 0 0 0 0 0 0 0 0 0 0 0 0 0 

0 0 49 11 175 182 3 290 214 120 543 861 935 449 959 1527 1350 1461 1659 1661 1246 1605 1309 1561 2379 3348 3091 2192 1685 2649 2204 2053 2178 2385 1994 1399 1140 1203 1867 2193 1847 1136 653 747 430 371 26 0 137 0 39 21 166 60 0 0 0 0 0 0 0 0 0 0 0 0 0 0 0 0 0 0 0 0 0 0 0 0 0 0 0 0 0 0 


0 0 47 0 169 176 24 282 196 100 547 863 933 486 942 1540 1310 1483 1673 1653 1200 1617 1339 1612 2363 3344 3106 2175 1688 2677 2223 2027 2147 2364 2014 1415 1161 1220 1877 2171 1862 1127 679 741 429 379 26 0 135 0 23 28 167 55 0 0 0 0 0 0 0 0 0 0 0 0 0 0 0 0 0 0 0 0 0 0 0 0 0 0 0 0 0 0 

0 0 14 0 154 161 28 243 230 82 591 897 930 469 941 1515 1327 1516 1664 1665 1213 1611 1338 1552 2389 3341 3079 2152 1696 2686 2208 2011 2157 2376 1967 1404 1176 1242 1859 2189 1865 1109 696 745 419 377 23 0 112 0 31 29 161 46 0 0 0 0 0 0 0 0 0 0 0 0 0 0 0 0 0 0 0 0 0 0 0 0 0 0 0 0 0 0 

0 0 15 8 153 166 27 236 210 84 555 885 902 483 946 1531 1300 1442 1631 1641 1203 1567 1317 1539 2395 3350 3067 2160 1700 2682 2220 2036 2156 2387 1993 1412 1174 1222 1878 2199 1840 1126 701 747 420 368 26 11 135 5 23 19 165 70 0 0 0 0 0 0 0 0 0 0 0 0 0 0 0 0 0 0 0 0 0 0 0 0 0 0 0 0 0 0 


0 0 21 0 175 152 39 264 203 87 547 902 907 486 952 1518 1302 1454 1651 1674 1286 1593 1289 1550 2366 3346 3081 2166 1703 2680 2228 2038 2139 2401 1996 1401 1180 1228 1876 2191 1828 1102 702 779 419 374 33 0 131 4 34 11 162 56 0 0 0 0 0 0 0 0 0 0 0 0 0 0 0 0 0 0 0 0 0 0 0 0 0 0 0 0 0 0 

0 0 28 0 164 164 29 268 192 81 553 906 929 473 953 1528 1287 1473 1655 1655 1256 1605 1308 1586 2372 3349 3077 2170 1703 2687 2214 2045 2142 2381 2003 1407 1194 1250 1877 2208 1835 1111 695 764 399 375 24 0 116 0 39 15 141 53 0 0 0 0 0 0 0 0 0 0 0 0 0 0 0 0 0 0 0 0 0 0 0 0 0 0 0 0 0 0 

0 0 49 2 194 162 48 273 213 93 531 865 915 475 948 1532 1287 1457 1621 1662 1251 1593 1334 1571 2364 3329 3103 2184 1718 2688 2213 2050 2125 2351 1972 1407 1181 1228 1879 2243 1877 1126 681 772 409 365 28 0 107 0 28 8 158 58 0 0 0 0 0 0 0 0 0 0 0 0 0 0 0 0 0 0 0 0 0 0 0 0 0 0 0 0 0 0 


0 0 34 13 182 160 40 255 197 80 552 873 905 458 929 1450 1287 1483 1661 1665 1268 1605 1317 1547 2383 3349 3099 2148 1717 2680 2198 2041 2152 2381 1974 1429 1162 1240 1883 2212 1874 1135 681 753 413 373 28 0 131 0 37 14 175 71 0 0 0 0 0 0 0 0 0 0 0 0 0 0 0 0 0 0 0 0 0 0 0 0 0 0 0 0 0 0 

0 0 38 24 180 155 34 316 175 97 546 900 899 473 955 1545 1317 1474 1633 1657 1273 1608 1328 1528 2361 3353 3095 2159 1715 2681 2206 2029 2120 2401 2007 1439 1155 1251 1864 2183 1838 1132 668 717 413 355 30 0 130 0 42 19 139 50 0 0 0 0 0 0 0 0 0 0 0 0 0 0 0 0 0 0 0 0 0 0 0 0 0 0 0 0 0 0 




0 0 31 3 171 154 28 301 209 89 563 894 949 503 953 1531 1313 1445 1628 1674 1211 1585 1321 1529 2378 3349 3084 2194 1739 2674 2176 2039 2172 2412 1980 1422 1169 1225 1887 2221 1872 1116 661 723 441 347 18 0 127 0 35 21 158 40 0 0 0 0 0 0 0 0 0 0 0 0 0 0 0 0 0 0 0 0 0 0 0 0 0 0 0 0 0 0 

0 0 33 0 159 148 11 261 197 86 555 862 921 494 939 1511 1298 1467 1676 1685 1213 1584 1319 1517 2372 3355 3099 2207 1735 2649 2192 2045 2131 2368 1968 1429 1185 1211 1891 2198 1856 1127 661 728 413 353 20 0 116 0 33 15 138 56 0 0 0 0 0 0 0 0 0 0 0 0 0 0 0 0 0 0 0 0 0 0 0 0 0 0 0 0 0 0 



0 0 36 0 163 158 4 239 200 95 536 871 911 511 939 1480 1341 1478 1678 1664 1228 1605 1282 1512 2365 3362 3088 2179 1722 2681 2207 2026 2175 2395 1963 1405 1166 1236 1872 2222 1857 1127 656 754 413 339 12 0 99 0 41 5 168 57 0 0 0 0 0 0 0 0 0 0 0 0 0 0 0 0 0 0 0 0 0 0 0 0 0 0 0 0 0 0 

0 0 41 0 151 145 23 237 210 97 552 843 934 461 949 1510 1309 1480 1660 1693 1211 1638 1308 1557 2351 3343 3068 2139 1719 2672 2194 2007 2153 2356 1982 1423 1145 1219 1887 2207 1851 1137 660 729 400 351 43 0 105 0 28 13 165 36 0 0 0 0 0 0 0 0 0 0 0 0 0 0 0 0 0 0 0 0 0 0 0 0 0 0 0 0 0 0 

0 0 30 1 185 182 24 259 202 99 531 854 937 497 950 1543 1337 1455 1679 1670 1222 1616 1299 1575 2369 3344 3089 2168 1720 2730 2215 2039 2159 2360 1993 1392 1146 1208 1894 2212 1847 1117 693 753 419 358 41 0 121 0 33 8 159 51 0 0 0 0 0 0 0 0 0 0 0 0 0 0 0 0 0 0 0 0 0 0 0 0 0 0 0 0 0 0 



0 0 33 0 152 167 17 233 209 93 576 854 936 501 949 1519 1306 1469 1655 1684 1212 1600 1305 1502 2385 3358 3099 2198 1710 2674 2195 2031 2146 2345 2015 1394 1170 1253 1876 2200 1863 1133 702 752 416 354 37 0 105 0 40 15 175 61 0 0 0 0 0 0 0 0 0 0 0 0 0 0 0 0 0 0 0 0 0 0 0 0 0 0 0 0 0 0 





0 0 57 0 196 140 17 259 212 90 597 892 924 483 959 1515 1323 1436 1660 1666 1199 1618 1325 1526 2369 3362 3033 2170 1697 2695 2204 2045 2186 2336 1999 1411 1203 1241 1907 2219 1888 1115 669 762 422 349 9 0 109 0 35 11 143 65 0 0 0 0 0 0 0 0 0 0 0 0 0 0 0 0 0 0 0 0 0 0 0 0 0 0 0 0 0 0 

0 0 54 7 181 110 34 235 211 94 567 892 923 507 977 1529 1321 1491 1713 1653 1202 1607 1289 1564 2376 3357 3065 2174 1716 2689 2203 2029 2155 2345 2024 1401 1190 1230 1889 2220 1873 1122 680 753 415 362 29 0 107 1 33 25 175 72 0 0 0 0 0 0 0 0 0 0 0 0 0 0 0 0 0 0 0 0 0 0 0 0 0 0 0 0 0 0 

0 0 44 0 144 160 8 216 205 94 556 897 925 497 958 1491 1305 1464 1665 1686 1205 1599 1319 1570 2355 3380 3061 2188 1717 2643 2192 2025 2161 2330 1982 1405 1192 1239 1884 2209 1884 1097 688 760 433 353 4 0 129 0 41 16 172 68 0 0 0 0 0 0 0 0 0 0 0 0 0 0 0 0 0 0 0 0 0 0 0 0 0 0 0 0 0 0 

0 0 21 4 144 143 8 243 189 84 536 914 927 503 956 1504 1322 1466 1675 1708 1208 1608 1316 1571 2369 3368 3081 2170 1719 2649 2200 2067 2154 2358 1976 1415 1188 1220 1905 2220 1880 1098 672 757 440 360 0 0 123 0 41 11 153 67 0 0 0 0 0 0 0 0 0 0 0 0 0 0 0 0 0 0 0 0 0 0 0 0 0 0 0 0 0 0 

0 0 19 0 162 121 17 261 194 75 579 890 939 495 962 1503 1354 1490 1665 1717 1230 1578 1313 1536 2406 3377 3067 2203 1704 2666 2187 2031 2132 2365 1967 1410 1185 1218 1890 2193 1886 1127 689 761 450 329 6 0 99 0 35 15 148 63 0 0 0 0 0 0 0 0 0 0 0 0 0 0 0 0 0 0 0 0 0 0 0 0 0 0 0 0 0 0 

0 0 43 0 175 133 23 272 213 77 531 864 938 498 926 1487 1333 1450 1695 1650 1205 1626 1323 1532 2384 3363 3059 2219 1695 2691 2184 2034 2153 2330 1954 1419 1166 1213 1900 2192 1870 1142 679 753 398 358 0 0 109 0 41 7 155 75 0 0 0 0 0 0 0 0 0 0 0 0 0 0 0 0 0 0 0 0 0 0 0 0 0 0 0 0 0 0 


0 0 36 0 185 165 0 255 201 93 563 847 925 496 967 1507 1335 1463 1694 1683 1226 1587 1305 1535 2373 3345 3071 2180 1721 2707 2176 2015 2153 2383 1972 1411 1210 1192 1911 2192 1869 1125 657 759 403 354 10 0 104 0 35 19 175 51 0 0 0 0 0 0 0 0 0 0 0 0 0 0 0 0 0 0 0 0 0 0 0 0 0 0 0 0 0 0 

0 0 56 0 167 177 12 228 214 95 551 840 901 504 941 1477 1321 1485 1633 1685 1223 1628 1291 1573 2345 3369 3065 2177 1725 2717 2213 2037 2157 2363 2004 1432 1177 1230 1900 2222 1835 1141 671 746 417 342 0 2 96 0 37 20 163 57 0 0 0 0 0 0 0 0 0 0 0 0 0 0 0 0 0 0 0 0 0 0 0 0 0 0 0 0 0 0 

0 0 58 1 180 175 15 220 189 83 517 843 908 472 939 1501 1328 1517 1646 1678 1237 1601 1300 1528 2369 3371 3075 2200 1711 2727 2198 2041 2114 2377 1999 1405 1206 1251 1872 2191 1846 1136 673 754 413 354 8 0 105 0 28 8 144 58 0 0 0 0 0 0 0 0 0 0 0 0 0 0 0 0 0 0 0 0 0 0 0 0 0 0 0 0 0 0 


0 0 41 0 186 161 45 218 200 82 541 855 904 479 937 1529 1329 1485 1635 1688 1183 1582 1324 1523 2374 3394 3092 2175 1717 2689 2215 2065 2138 2378 1972 1404 1172 1261 1868 2219 1851 1151 676 766 421 358 8 0 115 0 51 8 144 42 0 0 0 0 0 0 0 0 0 0 0 0 0 0 0 0 0 0 0 0 0 0 0 0 0 0 0 0 0 0 

0 0 20 0 177 161 23 225 194 81 613 863 929 489 946 1556 1326 1479 1662 1696 1196 1606 1321 1545 2399 3372 3083 2175 1717 2681 2203 2042 2111 2387 1983 1405 1176 1256 1881 2203 1856 1129 677 767 430 345 16 0 91 0 40 13 163 51 0 0 0 0 0 0 0 0 0 0 0 0 0 0 0 0 0 0 0 0 0 0 0 0 0 0 0 0 0 0 

0 0 35 0 162 166 30 253 184 90 606 876 899 473 931 1556 1278 1495 1669 1677 1194 1605 1318 1555 2373 3377 3066 2165 1724 2667 2211 2032 2155 2351 1996 1407 1184 1229 1893 2205 1835 1128 664 747 433 346 16 0 92 0 39 20 156 70 0 0 0 0 0 0 0 0 0 0 0 0 0 0 0 0 0 0 0 0 0 0 0 0 0 0 0 0 0 0 


0 0 63 10 161 165 28 272 209 90 555 853 889 466 926 1501 1289 1487 1657 1691 1230 1633 1315 1540 2391 3367 3055 2175 1719 2707 2216 2031 2149 2348 1955 1403 1185 1220 1917 2183 1871 1103 668 760 415 340 30 0 93 7 35 17 179 75 0 0 0 0 0 0 0 0 0 0 0 0 0 0 0 0 0 0 0 0 0 0 0 0 0 0 0 0 0 0 

0 0 51 0 163 173 35 249 193 83 566 823 911 470 936 1517 1325 1459 1669 1685 1178 1611 1312 1559 2404 3369 3078 2187 1697 2675 2192 2076 2159 2353 1949 1408 1188 1222 1894 2182 1847 1107 683 759 420 356 29 0 112 0 41 4 168 61 0 0 0 0 0 0 0 0 0 0 0 0 0 0 0 0 0 0 0 0 0 0 0 0 0 0 0 0 0 0 




0 0 34 0 153 175 22 264 194 88 564 867 897 495 946 1495 1313 1441 1655 1690 1185 1621 1317 1572 2409 3346 3071 2177 1711 2715 2193 2035 2137 2346 1994 1406 1190 1245 1908 2175 1853 1142 667 749 405 351 30 0 125 0 25 15 177 47 0 0 0 0 0 0 0 0 0 0 0 0 0 0 0 0 0 0 0 0 0 0 0 0 0 0 0 0 0 0 

0 0 8 0 175 174 25 260 198 100 543 851 916 518 965 1490 1319 1435 1680 1681 1198 1597 1315 1596 2376 3387 3067 2179 1718 2703 2228 2030 2169 2337 1979 1404 1216 1211 1865 2190 1849 1107 660 719 427 390 19 0 107 0 26 14 149 53 0 0 0 0 0 0 0 0 0 0 0 0 0 0 0 0 0 0 0 0 0 0 0 0 0 0 0 0 0 0 


0 0 14 0 172 168 17 248 181 94 545 850 904 469 959 1502 1320 1459 1653 1687 1217 1641 1308 1608 2361 3361 3082 2196 1725 2677 2211 2037 2163 2357 1961 1408 1192 1223 1868 2207 1844 1117 685 739 397 384 31 1 109 0 29 15 162 69 0 0 0 0 0 0 0 0 0 0 0 0 0 0 0 0 0 0 0 0 0 0 0 0 0 0 0 0 0 0 

0 0 35 3 157 146 13 255 187 105 585 816 895 476 946 1531 1313 1489 1685 1669 1177 1635 1319 1547 2376 3360 3080 2200 1730 2693 2215 2058 2155 2328 1956 1421 1223 1215 1890 2217 1849 1117 663 755 401 367 18 0 103 0 28 7 165 71 0 0 0 0 0 0 0 0 0 0 0 0 0 0 0 0 0 0 0 0 0 0 0 0 0 0 0 0 0 0 

0 0 59 0 161 139 30 250 214 97 560 867 908 478 956 1515 1305 1489 1652 1663 1227 1591 1297 1542 2326 3365 3040 2166 1710 2694 2228 2029 2161 2366 1979 1397 1204 1216 1877 2189 1850 1127 663 731 395 359 24 0 104 0 23 19 157 56 0 0 0 0 0 0 0 0 0 0 0 0 0 0 0 0 0 0 0 0 0 0 0 0 0 0 0 0 0 0 


0 0 57 0 171 175 20 263 193 102 552 841 916 486 937 1526 1375 1480 1704 1648 1196 1616 1305 1545 2349 3372 3089 2181 1726 2708 2234 2046 2175 2384 1979 1428 1222 1228 1905 2166 1845 1133 674 739 440 344 12 0 119 0 14 13 162 59 0 0 0 0 0 0 0 0 0 0 0 0 0 0 0 0 0 0 0 0 0 0 0 0 0 0 0 0 0 0 

0 0 68 8 164 161 33 284 203 83 569 862 920 496 948 1506 1409 1485 1672 1654 1172 1572 1309 1533 2339 3367 3094 2182 1727 2686 2216 2037 2167 2376 1975 1417 1202 1251 1865 2192 1832 1125 665 741 408 365 15 0 123 0 24 15 157 74 0 0 0 0 0 0 0 0 0 0 0 0 0 0 0 0 0 0 0 0 0 0 0 0 0 0 0 0 0 0 

0 0 73 0 163 136 13 239 201 96 565 861 932 492 957 1520 1340 1447 1641 1681 1159 1583 1292 1533 2337 3371 3086 2183 1732 2692 2207 2054 2152 2385 1969 1409 1181 1276 1865 2174 1871 1119 662 745 415 335 13 0 131 0 28 8 144 64 0 0 0 0 0 0 0 0 0 0 0 0 0 0 0 0 0 0 0 0 0 0 0 0 0 0 0 0 0 0 


0 0 19 0 162 178 29 227 185 100 570 848 905 487 963 1530 1297 1486 1665 1650 1188 1584 1315 1518 2372 3373 3065 2184 1743 2669 2205 2051 2146 2371 1982 1401 1207 1222 1856 2194 1849 1096 672 722 411 329 19 0 119 0 43 3 168 67 0 0 0 0 0 0 0 0 0 0 0 0 0 0 0 0 0 0 0 0 0 0 0 0 0 0 0 0 0 0 

0 0 33 0 151 175 30 227 198 87 590 843 901 480 963 1532 1317 1475 1663 1644 1193 1598 1304 1531 2383 3388 3057 2159 1731 2669 2219 2021 2153 2371 2001 1399 1209 1223 1857 2194 1852 1101 685 726 426 333 27 0 123 0 36 14 157 67 0 0 0 0 0 0 0 0 0 0 0 0 0 0 0 0 0 0 0 0 0 0 0 0 0 0 0 0 0 0 

0 0 53 0 166 135 25 243 232 93 570 881 928 469 963 1542 1331 1503 1677 1648 1197 1583 1283 1558 2379 3364 3080 2177 1734 2699 2228 2049 2155 2361 1956 1366 1180 1221 1869 2217 1863 1121 664 731 438 347 19 0 110 4 28 3 192 57 0 0 0 0 0 0 0 0 0 0 0 0 0 0 0 0 0 0 0 0 0 0 0 0 0 0 0 0 0 0 




0 0 19 0 179 122 21 258 216 85 570 817 898 483 940 1534 1317 1502 1662 1669 1159 1583 1306 1521 2398 3348 3057 2199 1706 2691 2206 2056 2167 2379 1974 1386 1199 1251 1878 2200 1871 1109 683 745 420 345 54 0 94 4 34 17 133 64 0 0 0 0 0 0 0 0 0 0 0 0 0 0 0 0 0 0 0 0 0 0 0 0 0 0 0 0 0 0 

0 0 50 1 177 146 25 247 209 97 560 848 912 507 928 1487 1327 1487 1634 1655 1200 1615 1331 1582 2393 3377 3092 2181 1721 2722 2206 2047 2139 2348 1960 1405 1214 1228 1883 2207 1840 1105 680 747 438 330 42 0 97 3 30 14 155 55 0 0 0 0 0 0 0 0 0 0 0 0 0 0 0 0 0 0 0 0 0 0 0 0 0 0 0 0 0 0 

0 0 46 0 175 153 24 262 198 83 561 842 907 510 943 1533 1345 1458 1651 1670 1179 1635 1292 1526 2378 3380 3089 2169 1717 2707 2233 2071 2136 2350 1967 1411 1199 1236 1877 2218 1868 1119 695 758 404 380 57 0 134 3 32 20 148 63 0 0 0 0 0 0 0 0 0 0 0 0 0 0 0 0 0 0 0 0 0 0 0 0 0 0 0 0 0 0 


0 0 49 0 172 162 22 256 203 89 573 825 920 506 942 1537 1334 1475 1624 1669 1182 1613 1316 1488 2381 3359 3091 2179 1731 2715 2213 2057 2194 2384 1980 1401 1195 1257 1849 2223 1846 1123 685 738 412 355 60 0 100 0 20 28 123 62 0 0 0 0 0 0 0 0 0 0 0 0 0 0 0 0 0 0 0 0 0 0 0 0 0 0 0 0 0 0 

0 0 26 0 195 174 29 246 207 81 540 876 923 480 960 1539 1335 1461 1666 1669 1192 1631 1317 1533 2383 3351 3092 2176 1743 2664 2218 2035 2149 2361 1999 1401 1219 1217 1855 2250 1853 1115 683 757 429 361 54 0 116 3 23 18 152 48 0 0 0 0 0 0 0 0 0 0 0 0 0 0 0 0 0 0 0 0 0 0 0 0 0 0 0 0 0 0 


0 0 57 3 172 168 26 251 219 87 572 855 905 507 973 1546 1358 1440 1655 1667 1196 1610 1302 1575 2355 3353 3080 2198 1730 2692 2195 2038 2165 2387 1979 1405 1179 1238 1886 2252 1831 1087 657 743 421 365 48 0 108 0 50 21 154 44 0 0 0 0 0 0 0 0 0 0 0 0 0 0 0 0 0 0 0 0 0 0 0 0 0 0 0 0 0 0 

0 0 53 0 175 167 31 235 240 88 554 828 905 493 962 1530 1313 1469 1660 1668 1196 1585 1285 1568 2382 3361 3094 2168 1715 2682 2227 2049 2183 2374 2011 1399 1179 1242 1863 2217 1870 1132 665 715 445 370 55 0 93 0 41 11 146 50 0 0 0 0 0 0 0 0 0 0 0 0 0 0 0 0 0 0 0 0 0 0 0 0 0 0 0 0 0 0 

0 0 53 7 166 173 34 230 196 91 559 810 917 497 961 1552 1321 1452 1653 1665 1253 1621 1298 1559 2391 3348 3113 2178 1698 2678 2208 2057 2168 2401 1967 1427 1182 1239 1864 2214 1888 1119 676 755 412 361 35 0 96 0 27 19 137 64 0 0 0 0 0 0 0 0 0 0 0 0 0 0 0 0 0 0 0 0 0 0 0 0 0 0 0 0 0 0 



0 0 47 0 176 175 30 255 188 84 555 857 935 480 961 1477 1338 1444 1673 1676 1207 1628 1311 1488 2377 3331 3041 2200 1722 2661 2245 2070 2188 2383 1953 1391 1189 1242 1897 2204 1877 1140 663 741 401 343 19 0 133 0 30 13 146 53 0 0 0 0 0 0 0 0 0 0 0 0 0 0 0 0 0 0 0 0 0 0 0 0 0 0 0 0 0 0 

0 0 62 3 171 167 23 229 201 83 556 807 912 491 958 1499 1279 1439 1645 1691 1218 1603 1311 1504 2377 3348 3083 2177 1711 2674 2230 2051 2167 2361 1972 1425 1195 1241 1864 2227 1876 1116 666 756 388 355 16 0 117 3 34 15 145 70 0 0 0 0 0 0 0 0 0 0 0 0 0 0 0 0 0 0 0 0 0 0 0 0 0 0 0 0 0 0 


0 0 41 0 182 159 29 222 222 83 545 816 915 527 945 1515 1322 1469 1638 1671 1185 1580 1342 1551 2389 3345 3095 2203 1710 2664 2249 2066 2149 2375 2005 1438 1204 1242 1895 2230 1878 1128 628 752 422 348 25 0 107 0 21 14 154 65 0 0 0 0 0 0 0 0 0 0 0 0 0 0 0 0 0 0 0 0 0 0 0 0 0 0 0 0 0 0 

0 0 33 0 171 182 37 233 244 87 551 820 950 496 969 1488 1311 1464 1653 1687 1184 1602 1319 1532 2391 3365 3084 2204 1724 2666 2233 2081 2165 2378 1997 1414 1219 1232 1877 2208 1869 1125 646 761 397 367 29 0 110 0 24 18 182 77 0 0 0 0 0 0 0 0 0 0 0 0 0 0 0 0 0 0 0 0 0 0 0 0 0 0 0 0 0 0 

0 0 73 0 164 176 47 260 208 98 568 830 941 510 954 1488 1347 1455 1654 1700 1206 1609 1322 1524 2357 3353 3073 2169 1704 2713 2197 2071 2174 2402 2005 1409 1183 1203 1869 2189 1862 1127 667 756 400 370 28 0 100 0 25 9 169 65 0 0 0 0 0 0 0 0 0 0 0 0 0 0 0 0 0 0 0 0 0 0 0 0 0 0 0 0 0 0 


0 0 21 0 139 180 35 243 216 100 579 817 907 495 941 1493 1361 1446 1672 1650 1237 1602 1303 1516 2367 3391 3089 2202 1718 2714 2251 2051 2178 2355 2005 1401 1172 1226 1874 2231 1882 1120 661 758 402 357 37 0 103 2 16 25 146 67 0 0 0 0 0 0 0 0 0 0 0 0 0 0 0 0 0 0 0 0 0 0 0 0 0 0 0 0 0 0 

0 0 29 0 152 173 44 232 200 101 546 851 930 496 970 1512 1342 1444 1664 1687 1238 1631 1295 1540 2379 3364 3104 2211 1717 2693 2219 2042 2139 2386 1993 1401 1186 1247 1887 2211 1872 1113 650 735 379 352 36 0 112 0 27 31 163 67 0 0 0 0 0 0 0 0 0 0 0 0 0 0 0 0 0 0 0 0 0 0 0 0 0 0 0 0 0 0 

0 0 45 0 154 182 37 255 211 93 601 814 920 491 940 1513 1343 1487 1671 1660 1219 1625 1291 1495 2336 3342 3091 2209 1721 2684 2213 2063 2153 2365 1985 1400 1197 1238 1887 2212 1885 1125 659 749 383 366 42 0 111 0 25 11 179 72 0 0 0 0 0 0 0 0 0 0 0 0 0 0 0 0 0 0 0 0 0 0 0 0 0 0 0 0 0 0 



0 0 34 0 158 160 18 234 197 88 569 861 882 500 953 1540 1341 1453 1671 1672 1245 1603 1320 1517 2369 3370 3096 2200 1720 2678 2225 2066 2165 2377 1991 1401 1209 1228 1887 2213 1850 1105 664 780 370 359 41 0 101 0 33 19 180 60 0 0 0 0 0 0 0 0 0 0 0 0 0 0 0 0 0 0 0 0 0 0 0 0 0 0 0 0 0 0 

0 0 11 0 154 150 21 235 184 90 572 847 897 485 955 1488 1367 1436 1638 1668 1261 1592 1316 1572 2393 3373 3095 2197 1728 2712 2221 2054 2152 2385 1977 1393 1187 1261 1877 2186 1849 1103 664 755 420 353 42 0 104 0 39 18 140 54 0 0 0 0 0 0 0 0 0 0 0 0 0 0 0 0 0 0 0 0 0 0 0 0 0 0 0 0 0 0 




0 0 50 0 159 175 39 252 195 74 576 824 897 491 950 1505 1320 1429 1609 1677 1236 1617 1332 1549 2371 3354 3115 2227 1749 2717 2259 2069 2179 2396 1989 1416 1207 1239 1887 2216 1838 1105 703 732 422 358 44 1 95 0 42 0 145 70 0 0 0 0 0 0 0 0 0 0 0 0 0 0 0 0 0 0 0 0 0 0 0 0 0 0 0 0 0 0 

0 0 26 0 155 154 24 259 216 93 586 825 948 500 952 1511 1317 1456 1643 1684 1177 1589 1326 1548 2400 3335 3107 2227 1721 2698 2251 2072 2148 2382 1994 1399 1201 1238 1872 2227 1835 1116 680 751 429 351 55 0 108 0 48 10 158 75 0 0 0 0 0 0 0 0 0 0 0 0 0 0 0 0 0 0 0 0 0 0 0 0 0 0 0 0 0 0 

0 0 41 0 177 156 25 276 197 87 607 848 931 475 961 1511 1327 1479 1669 1684 1203 1600 1312 1575 2407 3345 3106 2216 1716 2690 2228 2041 2185 2386 1948 1426 1180 1235 1884 2232 1840 1105 670 760 420 345 38 0 87 0 44 13 153 77 0 0 0 0 0 0 0 0 0 0 0 0 0 0 0 0 0 0 0 0 0 0 0 0 0 0 0 0 0 0 


0 0 53 0 165 151 17 251 221 85 578 826 907 469 946 1489 1303 1478 1620 1685 1199 1587 1318 1556 2411 3331 3111 2207 1731 2703 2236 2037 2173 2395 1948 1448 1195 1263 1874 2241 1870 1114 684 765 414 361 23 0 96 1 40 6 156 62 0 0 0 0 0 0 0 0 0 0 0 0 0 0 0 0 0 0 0 0 0 0 0 0 0 0 0 0 0 0 


0 0 32 0 162 173 37 251 186 68 545 826 924 485 949 1491 1341 1461 1650 1683 1206 1615 1331 1512 2353 3370 3085 2223 1733 2705 2247 2073 2167 2396 1978 1409 1213 1259 1889 2221 1877 1116 660 766 416 368 29 0 94 3 34 15 166 67 0 0 0 0 0 0 0 0 0 0 0 0 0 0 0 0 0 0 0 0 0 0 0 0 0 0 0 0 0 0 


0 0 51 0 162 158 26 271 200 94 527 839 911 500 940 1508 1342 1464 1661 1673 1208 1581 1317 1560 2384 3373 3092 2233 1743 2678 2211 2070 2174 2402 1957 1407 1173 1251 1885 2222 1863 1122 650 760 415 371 29 0 96 0 28 3 168 76 0 0 0 0 0 0 0 0 0 0 0 0 0 0 0 0 0 0 0 0 0 0 0 0 0 0 0 0 0 0 

0 0 83 0 151 180 21 249 199 88 541 816 900 463 951 1551 1304 1474 1639 1671 1197 1626 1342 1520 2387 3365 3066 2187 1725 2695 2229 2048 2187 2356 1946 1416 1203 1249 1853 2209 1835 1124 676 782 424 363 37 0 83 0 16 0 191 49 0 0 0 0 0 0 0 0 0 0 0 0 0 0 0 0 0 0 0 0 0 0 0 0 0 0 0 0 0 0 

0 0 34 0 162 160 11 207 195 91 547 852 888 480 935 1497 1337 1450 1647 1697 1231 1613 1312 1561 2360 3375 3096 2198 1728 2689 2257 2057 2171 2395 1977 1429 1195 1228 1862 2204 1821 1105 685 736 408 360 22 0 84 0 28 2 189 65 0 0 0 0 0 0 0 0 0 0 0 0 0 0 0 0 0 0 0 0 0 0 0 0 0 0 0 0 0 0 



0 0 23 0 152 190 27 251 215 96 598 805 915 498 941 1512 1326 1450 1687 1673 1190 1591 1302 1549 2424 3370 3106 2195 1704 2710 2220 2035 2174 2375 1963 1417 1199 1261 1879 2236 1853 1127 653 758 424 347 42 0 81 0 35 10 155 44 0 0 0 0 0 0 0 0 0 0 0 0 0 0 0 0 0 0 0 0 0 0 0 0 0 0 0 0 0 0 

0 0 0 0 149 162 20 252 218 74 564 813 928 498 939 1503 1350 1447 1665 1676 1185 1596 1308 1555 2374 3371 3076 2210 1718 2691 2230 2048 2175 2359 1964 1405 1187 1255 1870 2203 1885 1120 664 759 437 364 61 0 96 0 25 12 167 57 0 0 0 0 0 0 0 0 0 0 0 0 0 0 0 0 0 0 0 0 0 0 0 0 0 0 0 0 0 0 



0 0 5 0 170 145 32 242 214 79 610 841 928 507 951 1510 1318 1480 1681 1686 1251 1593 1295 1532 2385 3351 3088 2209 1728 2727 2223 2047 2170 2374 1981 1396 1180 1260 1871 2225 1861 1124 652 776 405 359 55 0 89 0 29 24 168 70 0 0 0 0 0 0 0 0 0 0 0 0 0 0 0 0 0 0 0 0 0 0 0 0 0 0 0 0 0 0 

0 0 1 0 175 172 31 258 220 93 575 846 915 510 945 1522 1299 1484 1633 1675 1213 1624 1304 1606 2376 3361 3115 2166 1725 2697 2207 2028 2160 2379 1990 1405 1200 1260 1848 2196 1839 1116 675 774 423 386 46 0 102 0 32 4 156 61 0 0 0 0 0 0 0 0 0 0 0 0 0 0 0 0 0 0 0 0 0 0 0 0 0 0 0 0 0 0 

0 0 58 0 161 157 43 290 211 79 599 843 930 486 943 1507 1318 1471 1647 1654 1213 1627 1309 1597 2372 3390 3095 2175 1729 2692 2248 2031 2146 2361 1947 1402 1173 1261 1850 2214 1856 1105 656 794 420 353 57 0 113 0 13 4 153 53 0 0 0 0 0 0 0 0 0 0 0 0 0 0 0 0 0 0 0 0 0 0 0 0 0 0 0 0 0 0 


0 0 37 0 157 155 33 265 216 89 568 857 915 483 945 1508 1319 1519 1644 1647 1201 1622 1331 1558 2368 3372 3073 2190 1738 2682 2272 2032 2164 2356 1958 1424 1167 1256 1868 2228 1877 1107 665 770 405 348 39 3 110 0 32 11 159 58 0 0 0 0 0 0 0 0 0 0 0 0 0 0 0 0 0 0 0 0 0 0 0 0 0 0 0 0 0 0 

0 0 37 3 177 131 23 241 222 71 582 843 923 493 946 1496 1331 1479 1660 1638 1187 1592 1334 1551 2351 3376 3083 2211 1733 2693 2253 2047 2163 2365 1973 1412 1169 1249 1852 2207 1856 1121 663 738 421 371 21 0 116 0 20 15 161 63 0 0 0 0 0 0 0 0 0 0 0 0 0 0 0 0 0 0 0 0 0 0 0 0 0 0 0 0 0 0 

0 0 30 0 156 142 32 287 221 71 589 825 913 446 949 1524 1341 1483 1662 1667 1234 1607 1329 1534 2360 3377 3130 2203 1757 2679 2261 2043 2171 2383 1978 1438 1184 1250 1855 2203 1857 1118 669 740 419 371 40 0 92 0 12 13 188 71 0 0 0 0 0 0 0 0 0 0 0 0 0 0 0 0 0 0 0 0 0 0 0 0 0 0 0 0 0 0 


0 0 20 8 163 154 19 236 216 76 573 818 901 466 957 1522 1340 1462 1695 1671 1265 1617 1322 1524 2396 3369 3121 2191 1744 2705 2260 2060 2201 2352 1949 1433 1148 1218 1875 2227 1872 1098 679 752 416 361 29 0 89 0 25 15 151 73 0 0 0 0 0 0 0 0 0 0 0 0 0 0 0 0 0 0 0 0 0 0 0 0 0 0 0 0 0 0 

0 0 24 12 168 225 18 245 191 93 559 837 917 463 973 1507 1309 1474 1686 1684 1232 1607 1326 1548 2399 3386 3116 2195 1768 2711 2251 2044 2192 2336 1987 1421 1171 1237 1869 2237 1873 1119 668 743 400 364 48 0 99 0 28 19 189 65 0 0 0 0 0 0 0 0 0 0 0 0 0 0 0 0 0 0 0 0 0 0 0 0 0 0 0 0 0 0 

0 0 41 11 155 199 15 254 194 87 553 828 916 466 955 1504 1310 1491 1679 1673 1209 1648 1323 1541 2398 3390 3124 2239 1757 2705 2256 2037 2189 2386 2018 1409 1169 1240 1884 2230 1862 1113 681 741 399 374 48 1 113 0 40 7 185 57 0 0 0 0 0 0 0 0 0 0 0 0 0 0 0 0 0 0 0 0 0 0 0 0 0 0 0 0 0 0 


0 0 26 10 149 131 5 278 207 87 558 837 924 477 976 1522 1348 1457 1672 1655 1223 1612 1320 1544 2395 3380 3122 2238 1740 2713 2247 2059 2177 2372 1975 1423 1179 1219 1876 2228 1907 1112 675 774 413 360 51 0 130 0 40 8 177 48 0 0 0 0 0 0 0 0 0 0 0 0 0 0 0 0 0 0 0 0 0 0 0 0 0 0 0 0 0 0 

0 0 24 9 165 148 8 259 220 88 543 836 906 494 959 1505 1342 1480 1643 1675 1203 1606 1318 1519 2344 3361 3123 2202 1745 2728 2260 2083 2165 2393 1980 1445 1196 1252 1887 2225 1860 1122 636 765 398 371 37 0 129 0 36 9 167 70 0 0 0 0 0 0 0 0 0 0 0 0 0 0 0 0 0 0 0 0 0 0 0 0 0 0 0 0 0 0 

0 0 47 0 153 171 12 271 224 88 566 829 905 473 931 1525 1327 1483 1640 1676 1211 1597 1293 1557 2340 3374 3079 2209 1763 2715 2245 2066 2186 2395 1993 1441 1165 1227 1885 2236 1839 1123 669 751 413 345 41 0 144 0 48 1 179 73 0 0 0 0 0 0 0 0 0 0 0 0 0 0 0 0 0 0 0 0 0 0 0 0 0 0 0 0 0 0 


0 0 55 17 174 165 25 263 252 87 563 852 928 453 942 1517 1327 1491 1657 1659 1225 1617 1298 1551 2373 3377 3105 2173 1743 2727 2231 2055 2177 2373 1991 1423 1174 1269 1878 2216 1865 1106 635 776 413 360 50 0 122 0 47 0 173 57 0 0 0 0 0 0 0 0 0 0 0 0 0 0 0 0 0 0 0 0 0 0 0 0 0 0 0 0 0 0 

0 0 36 11 186 141 29 249 216 78 535 823 946 478 969 1525 1309 1501 1644 1687 1231 1651 1292 1547 2334 3367 3111 2204 1740 2704 2223 2058 2151 2366 1965 1416 1199 1278 1870 2193 1864 1119 649 766 418 346 29 0 131 5 47 8 166 59 0 0 0 0 0 0 0 0 0 0 0 0 0 0 0 0 0 0 0 0 0 0 0 0 0 0 0 0 0 0 



0 0 30 0 170 171 25 279 210 78 531 815 926 461 963 1519 1339 1499 1658 1696 1183 1616 1297 1535 2376 3342 3109 2212 1747 2683 2223 2069 2176 2362 1987 1420 1179 1233 1870 2189 1858 1147 701 739 412 372 37 0 102 0 47 8 187 47 0 0 1 0 0 0 0 0 0 0 0 0 0 0 0 0 0 0 0 0 0 0 0 0 0 0 0 0 0 0 

0 0 16 0 160 174 5 259 228 87 525 809 932 459 999 1501 1329 1489 1684 1703 1209 1647 1315 1568 2359 3364 3107 2215 1755 2715 2232 2035 2123 2361 2010 1392 1195 1235 1848 2238 1853 1096 689 768 410 377 40 0 109 1 37 6 173 71 0 0 0 0 0 0 0 0 0 0 0 0 0 0 0 0 0 0 0 0 0 0 0 0 0 0 0 0 0 0 

0 0 36 0 147 152 33 272 227 87 557 835 916 469 974 1506 1343 1483 1681 1679 1231 1636 1326 1545 2378 3355 3101 2226 1744 2696 2237 2033 2153 2389 1984 1407 1190 1231 1875 2221 1867 1110 661 765 403 367 29 0 110 2 23 3 162 57 0 0 0 0 0 0 0 0 0 0 0 0 0 0 0 0 0 0 0 0 0 0 0 0 0 0 0 0 0 0 


0 0 37 0 160 140 16 265 240 85 564 838 918 466 971 1487 1331 1497 1723 1685 1211 1640 1307 1520 2346 3355 3132 2238 1756 2694 2252 2067 2177 2378 1964 1427 1198 1196 1865 2234 1861 1124 669 765 385 339 37 4 109 16 21 4 154 54 0 0 0 0 0 0 0 0 0 0 0 0 0 0 0 0 0 0 0 0 0 0 0 0 0 0 0 0 0 0 


0 0 25 0 168 143 14 268 230 91 504 842 933 467 964 1510 1337 1487 1674 1704 1227 1626 1301 1573 2355 3351 3128 2226 1775 2711 2221 2051 2182 2367 1999 1444 1168 1209 1884 2237 1885 1096 669 744 399 336 19 0 125 1 27 12 160 63 0 0 0 0 0 0 0 0 0 0 0 0 0 0 0 0 0 0 0 0 0 0 0 0 0 0 0 0 0 0 


0 0 27 0 176 166 34 254 198 85 520 847 924 474 993 1513 1351 1461 1671 1691 1224 1618 1294 1556 2344 3346 3108 2194 1744 2685 2232 2061 2160 2360 1996 1409 1177 1224 1873 2233 1883 1116 674 731 398 349 16 0 120 14 29 6 170 55 0 0 0 0 0 0 0 0 0 0 0 0 0 0 0 0 0 0 0 0 0 0 0 0 0 0 0 0 0 0 

0 0 26 8 164 166 21 269 217 79 541 847 908 462 978 1512 1373 1472 1677 1659 1194 1641 1311 1544 2341 3348 3090 2217 1757 2720 2226 2046 2159 2365 2005 1408 1183 1213 1890 2224 1871 1102 682 746 395 353 29 0 108 14 33 12 165 48 0 0 0 0 0 0 0 0 0 0 0 0 0 0 0 0 0 0 0 0 0 0 0 0 0 0 0 0 0 0 

0 0 27 0 148 175 18 251 205 86 542 843 908 461 982 1529 1405 1457 1688 1690 1204 1625 1300 1490 2341 3380 3096 2209 1746 2701 2235 2061 2162 2364 2005 1407 1230 1250 1876 2225 1881 1117 672 778 374 347 27 0 105 3 42 9 169 40 0 0 0 0 0 0 0 0 0 0 0 0 0 0 0 0 0 0 0 0 0 0 0 0 0 0 0 0 0 0 

0 0 30 0 152 177 35 260 217 73 565 836 922 458 960 1521 1329 1491 1693 1685 1220 1625 1315 1529 2357 3377 3107 2191 1733 2704 2255 2053 2182 2385 1955 1408 1211 1264 1877 2225 1861 1114 656 753 404 353 47 0 132 2 36 5 176 40 0 0 0 0 0 0 0 0 0 0 0 0 0 0 0 0 0 0 0 0 0 0 0 0 0 0 0 0 0 0 



0 0 58 7 174 147 38 271 225 79 579 834 945 458 960 1514 1345 1530 1669 1684 1228 1622 1306 1580 2393 3373 3115 2204 1724 2739 2255 2059 2136 2369 1955 1388 1208 1299 1868 2220 1881 1092 651 744 424 359 52 0 113 13 41 14 175 57 0 0 0 0 0 0 0 0 0 0 0 0 0 0 0 0 0 0 0 0 0 0 0 0 0 0 0 0 0 0 

0 0 26 0 168 119 36 271 235 79 548 822 925 474 965 1530 1329 1517 1674 1708 1214 1614 1304 1575 2354 3343 3110 2178 1742 2729 2231 2063 2187 2380 1975 1401 1196 1269 1860 2248 1883 1114 643 762 388 374 44 0 113 11 37 5 182 45 0 0 0 0 0 0 0 0 0 0 0 0 0 0 0 0 0 0 0 0 0 0 0 0 0 0 0 0 0 0 


0 0 49 0 172 138 41 241 241 82 542 807 896 484 965 1516 1374 1493 1673 1694 1260 1619 1287 1549 2366 3372 3104 2156 1736 2701 2247 2050 2172 2348 1980 1419 1166 1274 1863 2225 1869 1105 666 766 394 376 52 0 101 15 29 0 172 52 0 0 0 0 0 0 0 0 0 0 0 0 0 0 0 0 0 0 0 0 0 0 0 0 0 0 0 0 0 0 

0 0 64 0 191 163 39 295 208 89 517 836 932 460 970 1517 1357 1491 1690 1663 1215 1609 1298 1492 2380 3370 3101 2191 1729 2706 2224 2052 2182 2384 1977 1407 1171 1244 1887 2209 1825 1105 663 724 391 378 57 0 123 6 27 3 181 48 0 0 0 0 0 0 0 0 0 0 0 0 0 0 0 0 0 0 0 0 0 0 0 0 0 0 0 0 0 0 

0 0 34 3 172 159 31 287 218 76 537 831 931 463 965 1536 1313 1476 1670 1666 1249 1628 1280 1521 2380 3363 3074 2196 1753 2696 2211 2039 2175 2384 1983 1408 1182 1246 1860 2229 1822 1113 679 750 370 392 38 0 125 15 29 8 158 64 0 0 0 0 0 0 0 0 0 0 0 0 0 0 0 0 0 0 0 0 0 0 0 0 0 0 0 0 0 0 


0 0 28 4 171 153 29 285 243 90 566 819 914 482 955 1521 1295 1493 1671 1672 1204 1641 1304 1543 2411 3369 3090 2168 1755 2672 2225 2053 2174 2391 1999 1413 1197 1232 1888 2191 1866 1110 672 768 404 380 30 0 97 13 24 7 165 71 0 0 0 0 0 0 0 0 0 0 0 0 0 0 0 0 0 0 0 0 0 0 0 0 0 0 0 0 0 0 

0 0 31 0 171 157 21 283 217 84 589 858 893 481 953 1556 1319 1474 1660 1681 1239 1646 1301 1568 2361 3356 3074 2161 1750 2712 2198 2027 2165 2364 1965 1395 1194 1279 1879 2208 1883 1113 665 762 412 363 36 0 117 11 25 8 166 47 0 0 0 0 0 0 0 0 0 0 0 0 0 0 0 0 0 0 0 0 0 0 0 0 0 0 0 0 0 0 



0 0 42 13 179 138 15 283 217 70 562 846 929 430 955 1559 1344 1478 1669 1673 1246 1633 1266 1564 2389 3343 3093 2152 1747 2695 2226 2060 2173 2373 1962 1408 1195 1242 1872 2201 1883 1091 683 755 389 351 43 0 112 12 33 15 177 48 0 0 0 0 0 0 0 0 0 0 0 0 0 0 0 0 0 0 0 0 0 0 0 0 0 0 0 0 0 0 

0 0 60 0 192 158 23 269 248 72 586 822 916 472 989 1493 1328 1492 1684 1677 1200 1619 1285 1533 2379 3343 3094 2192 1749 2729 2243 2037 2183 2367 1979 1432 1204 1243 1843 2220 1871 1097 668 800 400 359 43 0 140 7 24 3 179 52 0 0 0 0 0 0 0 0 0 0 0 0 0 0 0 0 0 0 0 0 0 0 0 0 0 0 0 0 0 0 

0 0 56 0 185 172 43 258 224 75 555 811 927 453 968 1522 1351 1487 1674 1696 1204 1641 1280 1538 2356 3371 3087 2200 1741 2680 2227 2044 2185 2380 1983 1422 1188 1237 1849 2210 1855 1100 682 754 423 380 58 0 117 0 25 10 174 55 0 0 0 0 0 0 0 0 0 0 0 0 0 0 0 0 0 0 0 0 0 0 0 0 0 0 0 0 0 0 


0 0 57 0 179 162 23 275 227 75 564 807 949 458 970 1503 1373 1518 1665 1685 1209 1656 1261 1540 2344 3360 3105 2183 1732 2697 2241 2047 2171 2342 1972 1400 1191 1252 1856 2213 1880 1093 691 762 399 398 42 0 99 15 19 11 153 64 0 0 0 0 0 0 0 0 0 0 0 0 0 0 0 0 0 0 0 0 0 0 0 0 0 0 0 0 0 0 



0 0 18 0 188 147 17 299 230 63 571 817 918 470 961 1525 1355 1493 1673 1648 1243 1641 1318 1518 2349 3356 3107 2171 1744 2696 2238 2044 2184 2379 1997 1415 1186 1260 1844 2255 1829 1129 676 780 433 371 45 0 116 4 27 1 166 44 0 0 0 0 0 0 0 0 0 0 0 0 0 0 0 0 0 0 0 0 0 0 0 0 0 0 0 0 0 0 


0 0 46 0 173 164 19 270 220 89 542 822 907 465 998 1514 1322 1515 1687 1693 1269 1648 1299 1532 2346 3349 3102 2226 1754 2721 2209 2061 2175 2361 2005 1378 1194 1267 1854 2221 1881 1140 663 753 405 359 16 0 130 7 42 5 161 77 0 0 0 0 0 0 0 0 0 0 0 0 0 0 0 0 0 0 0 0 0 0 0 0 0 0 0 0 0 0 

0 0 33 0 165 162 33 263 217 87 549 807 927 460 961 1544 1368 1516 1676 1692 1224 1615 1305 1539 2382 3367 3087 2192 1745 2711 2244 2049 2220 2352 1973 1408 1213 1263 1883 2231 1867 1133 671 746 442 355 24 0 116 23 30 6 165 62 0 0 0 0 0 0 0 0 0 0 0 0 0 0 0 0 0 0 0 0 0 0 0 0 0 0 0 0 0 0 

0 0 59 0 145 153 5 272 234 62 559 844 929 481 965 1543 1357 1473 1687 1703 1248 1627 1330 1537 2366 3360 3085 2183 1735 2685 2233 2052 2197 2401 1999 1411 1209 1294 1887 2230 1869 1110 648 749 410 354 25 0 124 12 55 11 174 55 0 0 0 0 0 0 0 0 0 0 0 0 0 0 0 0 0 0 0 0 0 0 0 0 0 0 0 0 0 0 


0 0 46 4 162 177 25 285 241 76 566 834 937 503 966 1514 1359 1526 1656 1680 1200 1637 1281 1531 2398 3363 3114 2176 1740 2667 2220 2065 2183 2387 2004 1397 1187 1243 1868 2180 1872 1137 675 761 425 363 32 0 130 1 39 1 151 67 0 0 0 0 0 0 0 0 0 0 0 0 0 0 0 0 0 0 0 0 0 0 0 0 0 0 0 0 0 0 

0 0 36 51 126 181 20 264 251 79 533 834 908 475 961 1506 1332 1532 1685 1691 1200 1633 1271 1527 2348 3351 3092 2145 1742 2667 2204 2046 2171 2382 2017 1406 1175 1212 1864 2217 1884 1117 675 790 423 349 27 0 115 21 47 4 164 36 0 0 0 0 0 0 0 0 0 0 0 0 0 0 0 0 0 0 0 0 0 0 0 0 0 0 0 0 0 0 

0 0 8 16 146 181 16 300 234 65 562 833 935 485 955 1516 1361 1506 1689 1693 1193 1626 1289 1524 2364 3371 3069 2172 1757 2711 2223 2047 2189 2377 1983 1379 1195 1268 1864 2205 1864 1120 670 783 425 367 36 0 100 13 29 3 165 63 0 0 0 0 0 0 0 0 0 0 0 0 0 0 0 0 0 0 0 0 0 0 0 0 0 0 0 0 0 0 


0 0 4 37 152 198 23 284 219 70 573 820 929 503 962 1518 1363 1506 1685 1686 1230 1633 1305 1550 2368 3367 3082 2145 1746 2683 2235 2042 2177 2409 1972 1393 1196 1253 1867 2228 1855 1132 666 773 441 356 17 0 132 16 26 1 168 69 0 0 0 0 0 0 0 0 0 0 0 0 0 0 0 0 0 0 0 0 0 0 0 0 0 0 0 0 0 0 

0 0 10 13 157 172 22 300 245 91 531 824 932 492 973 1536 1375 1511 1661 1714 1217 1631 1270 1580 2323 3376 3085 2168 1756 2677 2226 2033 2149 2414 1996 1401 1184 1221 1867 2222 1877 1103 689 784 417 377 42 0 121 18 24 1 168 68 0 0 0 0 0 0 0 0 0 0 0 0 0 0 0 0 0 0 0 0 0 0 0 0 0 0 0 0 0 0 


0 0 13 15 141 162 25 304 220 93 537 804 922 496 988 1538 1326 1507 1651 1697 1221 1620 1304 1546 2391 3350 3130 2179 1762 2648 2250 2056 2137 2403 1993 1420 1197 1274 1849 2231 1868 1098 694 790 393 359 26 0 135 8 22 3 152 49 0 0 0 0 0 0 0 0 0 0 0 0 0 0 0 0 0 0 0 0 0 0 0 0 0 0 0 0 0 0 

0 0 4 0 151 168 25 282 206 73 556 836 909 489 986 1538 1339 1527 1686 1681 1226 1627 1282 1536 2385 3355 3115 2194 1758 2661 2212 2057 2163 2395 1992 1427 1186 1228 1865 2203 1865 1121 662 781 406 365 33 0 131 14 24 6 175 37 0 0 8 0 0 0 0 0 0 0 0 0 0 0 0 0 0 0 0 0 0 0 0 0 0 0 0 0 0 0 

0 0 21 0 164 201 25 280 247 75 541 844 889 491 974 1551 1369 1497 1660 1677 1208 1596 1283 1540 2379 3369 3083 2172 1762 2681 2250 2040 2157 2382 1969 1418 1154 1271 1877 2212 1853 1092 664 784 447 352 25 0 120 6 34 2 172 65 0 0 1 0 0 0 0 0 0 0 0 0 0 0 0 0 0 0 0 0 0 0 0 0 0 0 0 0 0 0 



0 0 50 2 158 196 27 288 231 80 540 839 919 491 980 1529 1336 1531 1636 1700 1247 1613 1287 1548 2404 3372 3094 2167 1761 2694 2230 2063 2159 2377 2009 1403 1153 1251 1877 2223 1846 1087 668 768 452 368 44 0 132 12 37 0 162 55 0 0 0 0 0 0 0 0 0 0 0 0 0 0 0 0 0 0 0 0 0 0 0 0 0 0 0 0 0 0 

0 0 53 0 168 185 30 306 238 79 524 812 922 487 989 1533 1330 1472 1645 1708 1242 1633 1307 1517 2375 3380 3093 2195 1761 2682 2243 2052 2183 2359 2031 1374 1152 1267 1869 2208 1837 1092 659 774 387 372 40 0 106 5 37 4 169 57 0 0 0 0 0 0 0 0 0 0 0 0 0 0 0 0 0 0 0 0 0 0 0 0 0 0 0 0 0 0 


0 0 49 0 153 192 31 312 240 63 556 813 937 482 978 1528 1328 1521 1677 1687 1233 1628 1305 1511 2374 3354 3103 2194 1761 2674 2221 2101 2183 2369 2003 1399 1137 1287 1874 2209 1856 1091 675 751 403 374 30 0 106 9 27 14 149 52 0 0 0 0 0 0 0 0 0 0 0 0 0 0 0 0 0 0 0 0 0 0 0 0 0 0 0 0 0 0 
0 0 26 0 170 188 37 285 240 88 568 822 940 486 973 1569 1354 1492 1694 1677 1201 1617 1312 1516 2391 3359 3097 2194 1757 2694 2228 2057 2201 2400 2000 1410 1146 1250 1865 2218 1843 1113 675 795 417 352 32 0 138 22 24 5 176 52 0 0 0 0 0 0 0 0 0 0 0 0 0 0 0 0 0 0 0 0 0 0 0 0 0 0 0 0 0 0 

0 0 10 28 166 183 43 266 237 74 514 865 909 469 989 1537 1374 1520 1624 1707 1219 1604 1308 1535 2414 3365 3118 2208 1755 2727 2222 2041 2197 2355 1999 1411 1185 1258 1885 2216 1850 1125 674 759 428 355 27 0 141 19 37 14 141 52 0 0 0 0 0 0 0 0 0 0 0 0 0 0 0 0 0 0 0 0 0 0 0 0 0 0 0 0 0 0 



0 0 3 27 153 171 53 267 255 60 522 818 930 498 976 1544 1340 1516 1640 1744 1243 1605 1294 1519 2383 3347 3090 2229 1751 2679 2231 2064 2180 2360 2014 1425 1205 1270 1886 2222 1856 1109 668 789 413 362 41 0 136 12 44 17 151 61 0 0 0 0 0 0 0 0 0 0 0 0 0 0 0 0 0 0 0 0 0 0 0 0 0 0 0 0 0 0 


0 0 7 28 159 187 44 275 238 70 511 822 923 499 974 1554 1350 1541 1660 1702 1247 1615 1302 1539 2366 3353 3124 2203 1755 2707 2248 2068 2188 2363 1971 1416 1199 1263 1865 2203 1848 1111 685 776 420 340 48 0 137 13 64 14 161 61 0 0 0 0 0 0 0 0 0 0 0 0 0 0 0 0 0 0 0 0 0 0 0 0 0 0 0 0 0 0 


0 0 0 3 148 204 42 251 217 70 545 850 933 494 967 1517 1341 1521 1659 1721 1231 1601 1293 1523 2343 3356 3104 2200 1765 2724 2228 2053 2202 2372 1959 1443 1203 1232 1844 2218 1870 1103 660 756 412 353 43 0 125 8 56 9 159 64 0 0 0 0 0 0 0 0 0 0 0 0 0 0 0 0 0 0 0 0 0 0 0 0 0 0 0 0 0 0 

0 0 23 0 151 210 40 228 240 73 523 844 921 481 957 1520 1357 1523 1703 1741 1234 1607 1286 1536 2365 3375 3103 2203 1771 2687 2264 2092 2206 2361 1961 1411 1182 1266 1860 2187 1857 1104 664 778 416 363 55 0 137 6 47 21 159 63 0 0 0 0 0 0 0 0 0 0 0 0 0 0 0 0 0 0 0 0 0 0 0 0 0 0 0 0 0 0 

0 0 0 4 168 194 21 257 244 73 537 846 935 493 979 1520 1327 1518 1709 1709 1191 1607 1277 1472 2393 3367 3094 2224 1765 2661 2257 2071 2212 2355 1970 1413 1183 1261 1879 2213 1852 1109 666 779 417 353 51 0 143 22 59 9 165 57 0 0 0 0 0 0 0 0 0 0 0 0 0 0 0 0 0 0 0 0 0 0 0 0 0 0 0 0 0 0 


0 0 20 0 163 169 40 271 235 75 541 877 925 483 985 1518 1345 1503 1723 1704 1206 1638 1339 1500 2393 3355 3101 2201 1751 2663 2258 2083 2220 2383 1979 1435 1165 1236 1855 2212 1893 1135 653 773 420 347 48 0 142 0 51 23 145 41 0 0 0 0 0 0 0 0 0 0 0 0 0 0 0 0 0 0 0 0 0 0 0 0 0 0 0 0 0 0 

0 0 23 0 159 197 29 269 257 67 528 879 913 476 1021 1529 1356 1501 1694 1689 1250 1647 1303 1509 2395 3376 3138 2193 1774 2677 2254 2044 2208 2381 2016 1409 1153 1265 1876 2203 1862 1126 680 780 409 341 36 12 135 10 53 4 154 60 0 0 0 0 0 0 0 0 0 0 0 0 0 0 0 0 0 0 0 0 0 0 0 0 0 0 0 0 0 0 

0 0 28 0 148 177 48 275 243 72 514 862 926 509 938 1533 1345 1539 1655 1684 1172 1619 1303 1508 2391 3382 3114 2189 1760 2715 2257 2037 2195 2368 1975 1430 1155 1264 1859 2187 1890 1108 673 776 441 342 47 11 156 13 45 21 142 52 0 0 0 0 0 0 0 0 0 0 0 0 0 0 0 0 0 0 0 0 0 0 0 0 0 0 0 0 0 0 



0 0 32 0 157 149 46 284 239 66 548 844 917 484 964 1538 1341 1536 1701 1687 1208 1636 1295 1497 2374 3401 3092 2194 1760 2729 2245 2075 2200 2365 1991 1420 1178 1284 1878 2194 1870 1120 673 782 402 332 44 1 132 16 65 13 141 61 0 0 0 0 0 0 0 0 0 0 0 0 0 0 0 0 0 0 0 0 0 0 0 0 0 0 0 0 0 0 

0 0 25 0 143 199 42 279 238 84 518 844 912 469 949 1555 1352 1501 1683 1677 1215 1635 1288 1503 2409 3381 3094 2200 1748 2704 2222 2066 2194 2377 2016 1412 1178 1247 1855 2198 1856 1096 658 777 393 327 52 0 141 1 60 15 161 72 0 0 0 0 0 0 0 0 0 0 0 0 0 0 0 0 0 0 0 0 0 0 0 0 0 0 0 0 0 0 


0 0 18 0 159 175 29 245 210 74 509 849 932 456 947 1564 1366 1503 1686 1677 1211 1628 1275 1502 2394 3385 3115 2207 1759 2694 2229 2057 2211 2379 1958 1421 1188 1288 1867 2191 1861 1106 678 766 422 347 52 12 147 11 62 26 144 79 0 0 0 0 0 0 0 0 0 0 0 0 0 0 0 0 0 0 0 0 0 0 0 0 0 0 0 0 0 0 

0 0 15 0 143 162 13 282 201 56 517 850 919 455 957 1555 1333 1509 1669 1695 1208 1647 1285 1504 2399 3367 3097 2230 1772 2715 2271 2056 2220 2370 1983 1413 1208 1271 1868 2195 1883 1089 677 769 434 372 48 14 131 0 45 7 165 65 0 0 0 0 0 0 0 0 0 0 0 0 0 0 0 0 0 0 0 0 0 0 0 0 0 0 0 0 0 0 


0 0 8 0 137 181 9 267 208 69 530 838 911 475 987 1558 1355 1526 1663 1708 1219 1654 1296 1527 2413 3367 3146 2228 1756 2720 2247 2061 2205 2377 1994 1442 1183 1275 1851 2216 1908 1104 692 756 399 343 47 0 115 0 44 13 158 52 0 0 0 0 0 0 0 0 0 0 0 0 0 0 0 0 0 0 0 0 0 0 0 0 0 0 0 0 0 0 

0 0 10 0 136 195 31 294 216 82 528 834 914 483 953 1551 1388 1520 1682 1713 1248 1628 1309 1518 2372 3380 3125 2227 1748 2689 2241 2072 2215 2378 2005 1429 1167 1267 1863 2223 1869 1102 675 772 399 337 35 6 128 7 38 11 155 70 0 0 0 0 0 0 0 0 0 0 0 0 0 0 0 0 0 0 0 0 0 0 0 0 0 0 0 0 0 0 


0 0 19 0 116 185 29 269 231 73 515 846 907 466 943 1525 1341 1518 1670 1727 1203 1628 1284 1538 2376 3363 3131 2228 1739 2683 2267 2083 2233 2381 2005 1387 1191 1263 1857 2186 1912 1140 682 786 395 320 40 0 108 3 25 0 149 71 0 0 0 0 0 0 0 0 0 0 0 0 0 0 0 0 0 0 0 0 0 0 0 0 0 0 0 0 0 0 

0 0 13 6 146 197 32 239 221 63 493 844 867 473 961 1537 1347 1521 1709 1693 1216 1617 1305 1523 2384 3368 3126 2194 1738 2689 2263 2090 2244 2359 1988 1431 1177 1261 1867 2211 1875 1134 660 812 391 326 35 0 114 0 33 8 134 53 0 0 0 0 0 0 0 0 0 0 0 0 0 0 0 0 0 0 0 0 0 0 0 0 0 0 0 0 0 0 

0 0 14 1 124 169 13 245 224 74 513 849 930 475 952 1550 1356 1455 1730 1713 1230 1634 1293 1530 2362 3366 3158 2184 1756 2697 2246 2084 2222 2340 1996 1443 1198 1271 1881 2203 1853 1125 692 801 405 334 31 0 126 26 26 4 148 64 0 0 9 0 0 0 0 0 0 0 0 0 0 0 0 0 0 0 0 0 0 0 0 0 0 0 0 0 0 0 


0 0 49 0 136 169 35 252 214 77 530 835 905 490 956 1548 1363 1485 1707 1718 1210 1674 1279 1540 2381 3365 3145 2208 1737 2719 2239 2075 2211 2383 2011 1419 1182 1285 1876 2179 1885 1107 674 816 413 339 37 0 147 4 25 19 136 52 0 0 0 0 0 0 0 0 0 0 0 0 0 0 0 0 0 0 0 0 0 0 0 0 0 0 0 0 0 0 

0 0 7 0 158 161 32 268 223 46 563 824 903 498 956 1546 1390 1504 1677 1751 1199 1645 1302 1509 2394 3344 3142 2217 1741 2700 2226 2079 2191 2371 1990 1374 1198 1273 1867 2204 1887 1134 653 795 420 342 27 0 138 0 37 13 137 67 0 0 0 0 0 0 0 0 0 0 0 0 0 0 0 0 0 0 0 0 0 0 0 0 0 0 0 0 0 0 


0 0 11 0 148 182 20 274 251 52 541 853 946 518 973 1501 1336 1468 1703 1728 1247 1647 1302 1527 2380 3344 3159 2221 1746 2727 2228 2109 2191 2381 2015 1404 1185 1307 1875 2182 1888 1122 667 797 439 336 49 0 121 3 39 13 145 52 0 0 0 0 0 0 0 0 0 0 0 0 0 0 0 0 0 0 0 0 0 0 0 0 0 0 0 0 0 0 

0 0 31 0 149 169 25 239 240 55 549 838 904 495 986 1593 1351 1457 1659 1730 1238 1629 1308 1511 2391 3361 3119 2232 1768 2753 2212 2123 2205 2387 1988 1429 1194 1240 1847 2207 1893 1099 712 795 423 322 40 0 137 0 22 9 142 46 0 0 6 0 0 0 0 0 0 0 0 0 0 0 0 0 0 0 0 0 0 0 0 0 0 0 0 0 0 0 

0 0 18 0 163 173 26 272 219 56 551 851 895 512 957 1568 1341 1485 1693 1709 1213 1636 1335 1522 2407 3343 3129 2227 1762 2711 2239 2083 2212 2390 2015 1428 1197 1253 1869 2208 1892 1108 691 763 422 333 23 0 139 0 36 9 143 50 0 0 0 0 0 0 0 0 0 0 0 0 0 0 0 0 0 0 0 0 0 0 0 0 0 0 0 0 0 0 


0 0 19 0 162 170 17 261 270 59 561 855 915 502 971 1561 1329 1478 1691 1716 1233 1647 1297 1556 2383 3337 3135 2198 1759 2687 2217 2057 2183 2394 1980 1418 1182 1277 1839 2223 1891 1112 693 757 439 344 44 0 137 1 30 21 140 55 0 0 0 0 0 0 0 0 0 0 0 0 0 0 0 0 0 0 0 0 0 0 0 0 0 0 0 0 0 0 

0 0 24 0 166 155 27 252 281 56 511 856 932 495 968 1548 1376 1482 1670 1719 1229 1609 1306 1552 2403 3349 3128 2240 1756 2694 2248 20